124
123
122
28
1
29
30
31
32
2
3
4
5
16
25
20
8
9
15
14
12
13
11
10
18
24
21
26
27
75
76
77
82
83
84
85
78
80
70
34
35
36
37
38
45
46
47
43
41
39
48
49
50
54
55
56
57
58
59
60
61
64
65
68
69
62
66
71
96
101
102
103
104
105
106
107
108
109
110
111
112
113
114
115
116
117
118
119
120
121
98
97
100
95
94
93
92
91
90
89
88
87
86
126
127
125
99
155
145
144
147
152
141
148
151
150
149
153
157
159
158
143
154
133
134
135
136
137
138
139
140
131
129
130
128
142
146
169
168
170
179
180
175
183
185
184
189
186
188
187
190
174
181
182
163
162
160
161
165
172
171
173
167
166
164
176
177
178

